9
8
2
0.328183
0.137975
-0.633685
-3.44765
-2.12444
0.195533
0.752583
-3.65081
0.911472
-0.931045
1.17468
-2.2381
1.6816
-3.06471
-0.89149
1.61618
1.44493
3.97051
3.77272
-4.49504
-1.0204
1.23106
3.49524
0.899753
-0.412918
1.08905
-1.81444
1.45664
0.657437
-2.47143
4.55497
-0.132408
-0.583705
4.38483
-0.39224
0.93538
-3.4976
2.33225
4.51604
-1.18492
3.13979
-0.790653
-0.966797
-1.95115
0.0147763
-1.38871
-0.0833958
0.857861
-0.0384128
4.77401
-1.18218
-0.015138
-3.79359
1.19657
-1.34565
0.540549
-4.31034
-2.35696
-0.420423
4.43892
-0.356698
2.87861
-2.39026
-1.93067
3.61252
-4.75571
0.851393
1.11433
1.01913
3.69807
0.042997
1.18589
2.42074
4.36114
-4.80756
1.96759
4.66764
-1.61778
-2.87119
-2.00289
3.3916
1.69917
2.34522
-3.23973
1.95851
4.12446
0.765547
4.02593
-2.71336
-0.82153
-3.49974
-2.3417
5
3.64351
0.219207
0.565364
0.994243
-0.573506
