9
8
2
2.98035
-0.824955
-0.667248
-0.606425
2.49014
5
0.117077
-0.827084
-1.79624
-2.99073
-1.90664
1.54808
1.5311
-1.66933
-0.400343
-1.62802
4.39747
-2.32981
-0.779861
-4.99613
0.813944
-0.469748
2.44761
-3.07744
1.23284
-0.58407
4.00265
-2.49933
1.8881
-0.407362
-2.71065
3.4181
-0.0306624
-1.58937
-0.600406
-2.7629
-0.543706
2.53171
-2.0063
0.979119
-1.19152
-1.83425
2.93464
-0.755237
0.75431
3.93928
3.33521
2.25095
-0.742468
-3.71773
0.71529
-0.926978
3.13269
-3.6
-1.5145
-4.90159
-0.32125
4.48458
0.182892
0.823376
2.41799
-2.5755
1.02258
-1.01766
5
0.389541
-1.33256
1.60656
3.08056
2.15231
-1.53157
-3.08433
-1.65854
2.76027
0.952645
3.40017
1.44222
3.05942
-1.04395
0.271651
3.38905
-4.75282
-3.07207
-0.526377
0.696251
0.288441
-1.57944
-5
0.760919
-1.69084
0.202496
-0.494646
-3.05204
0.968529
0.968928
3.41516
2.68873
0.405267
