9
8
2
1.55349
-0.0989123
0.0224211
-2.51316
-2.00245
1.2774
1.21136
-3.10445
1.189
-0.608167
1.41019
-3.53998
0.241908
-1.27635
-1.90639
0.840091
-0.0410283
1.73054
0.43835
-4.09138
-0.648938
1.45508
2.68745
3.48654
-0.814833
0.400898
-2.61664
-0.329523
0.290122
-2.16771
2.8739
-0.157588
-3.23422
3.9813
0.400446
2.27723
-1.52721
2.01882
4.5574
0.264014
2.49082
-1.19059
-1.47808
-1.6789
-0.443134
-1.34928
0.230901
-2.64006
-1.01779
3.49727
-0.729755
1.05576
-4.31509
-0.195045
-2.67827
0.781441
-4.39317
-2.04635
-0.421922
3.86826
-0.453206
2.28066
-1.49963
1.76543
3.04139
-3.26361
-0.905119
1.38057
0.475647
2.63924
-0.618422
1.9687
5
4.47081
-5
1.44558
3.07491
-2.84355
-2.62478
-0.95197
1.58104
1.62309
-0.57579
-4.19012
0.988147
3.26409
-0.417717
4.6478
-4.07853
-0.0904914
-2.18678
-0.355758
3.56327
3.597
0.740592
-0.491903
2.16442
-0.131537
